1.000000 0.000000 0.000000
1.000000 1.000000 0.301030
1.000000 2.000000 0.497150
1.000000 3.000000 0.622089
1.000000 4.000000 0.693270
1.000000 5.000000 0.721298
1.000000 6.000000 0.713298
1.000000 7.000000 0.674380
1.000000 8.000000 0.608388
1.000000 9.000000 0.518318
1.000000 10.000000 0.406568
1.000000 11.000000 0.275105
1.000000 12.000000 0.125567
1.000000 13.000000 -0.040659
1.000000 14.000000 -0.222381
1.000000 15.000000 -0.418570
1.000000 16.000000 -0.628322
1.000000 17.000000 -0.850839
1.000000 18.000000 -1.085414
1.000000 19.000000 -1.331413
1.000000 20.000000 -1.588264
1.000000 21.000000 -1.855452
1.000000 22.000000 -2.132507
1.000000 23.000000 -2.419000
1.000000 24.000000 -2.714538
1.000000 25.000000 -3.018760
1.000000 26.000000 -3.331332
1.000000 27.000000 -3.651944
1.000000 28.000000 -3.980310
1.000000 29.000000 -4.316162
1.000000 30.000000 -4.659252
1.000000 31.000000 -5.009344
1.000000 32.000000 -5.366222
1.000000 33.000000 -5.729678
1.000000 34.000000 -6.099521
1.000000 35.000000 -6.475566
1.000000 36.000000 -6.857643
1.000000 37.000000 -7.245588
1.000000 38.000000 -7.639247
1.000000 39.000000 -8.038473
1.000000 40.000000 -8.443127
1.000000 41.000000 -8.853077
1.000000 42.000000 -9.268197
1.000000 43.000000 -9.688366
1.000000 44.000000 -10.113469
1.000000 45.000000 -10.543398
1.000000 46.000000 -10.978047
1.000000 47.000000 -11.417316
1.000000 48.000000 -11.861109
1.000000 49.000000 -12.309332
1.000000 50.000000 -12.761899

1.020000 0.000000 0.000000
1.020000 1.000000 0.309630
1.020000 2.000000 0.514350
1.020000 3.000000 0.647889
1.020000 4.000000 0.727670
1.020000 5.000000 0.764299
1.020000 6.000000 0.764899
1.020000 7.000000 0.734582
1.020000 8.000000 0.677190
1.020000 9.000000 0.595719
1.020000 10.000000 0.492570
1.020000 11.000000 0.369707
1.020000 12.000000 0.228769
1.020000 13.000000 0.071144
1.020000 14.000000 -0.101979
1.020000 15.000000 -0.289567
1.020000 16.000000 -0.490719
1.020000 17.000000 -0.704636
1.020000 18.000000 -0.930611
1.020000 19.000000 -1.168010
1.020000 20.000000 -1.416261
1.020000 21.000000 -1.674849
1.020000 22.000000 -1.943303
1.020000 23.000000 -2.221196
1.020000 24.000000 -2.508134
1.020000 25.000000 -2.803756
1.020000 26.000000 -3.107728
1.020000 27.000000 -3.419740
1.020000 28.000000 -3.739505
1.020000 29.000000 -4.066757
1.020000 30.000000 -4.401246
1.020000 31.000000 -4.742739
1.020000 32.000000 -5.091016
1.020000 33.000000 -5.445873
1.020000 34.000000 -5.807115
1.020000 35.000000 -6.174560
1.020000 36.000000 -6.548037
1.020000 37.000000 -6.927382
1.020000 38.000000 -7.312441
1.020000 39.000000 -7.703066
1.020000 40.000000 -8.099120
1.020000 41.000000 -8.500470
1.020000 42.000000 -8.906989
1.020000 43.000000 -9.318558
1.020000 44.000000 -9.735062
1.020000 45.000000 -10.156391
1.020000 46.000000 -10.582439
1.020000 47.000000 -11.013108
1.020000 48.000000 -11.448300
1.020000 49.000000 -11.887924
1.020000 50.000000 -12.331890

1.040000 0.000000 0.000000
1.040000 1.000000 0.318063
1.040000 2.000000 0.531217
1.040000 3.000000 0.673189
1.040000 4.000000 0.761403
1.040000 5.000000 0.806465
1.040000 6.000000 0.815498
1.040000 7.000000 0.793614
1.040000 8.000000 0.744655
1.040000 9.000000 0.671618
1.040000 10.000000 0.576902
1.040000 11.000000 0.462472
1.040000 12.000000 0.329967
1.040000 13.000000 0.180775
1.040000 14.000000 0.016085
1.040000 15.000000 -0.163070
1.040000 16.000000 -0.355788
1.040000 17.000000 -0.561272
1.040000 18.000000 -0.778814
1.040000 19.000000 -1.007779
1.040000 20.000000 -1.247598
1.040000 21.000000 -1.497752
1.040000 22.000000 -1.757774
1.040000 23.000000 -2.027233
1.040000 24.000000 -2.305738
1.040000 25.000000 -2.592927
1.040000 26.000000 -2.888465
1.040000 27.000000 -3.192044
1.040000 28.000000 -3.503377
1.040000 29.000000 -3.822196
1.040000 30.000000 -4.148251
1.040000 31.000000 -4.481311
1.040000 32.000000 -4.821155
1.040000 33.000000 -5.167578
1.040000 34.000000 -5.520387
1.040000 35.000000 -5.879400
1.040000 36.000000 -6.244443
1.040000 37.000000 -6.615355
1.040000 38.000000 -6.991980
1.040000 39.000000 -7.374173
1.040000 40.000000 -7.761794
1.040000 41.000000 -8.154710
1.040000 42.000000 -8.552796
1.040000 43.000000 -8.955932
1.040000 44.000000 -9.364002
1.040000 45.000000 -9.776898
1.040000 46.000000 -10.194514
1.040000 47.000000 -10.616749
1.040000 48.000000 -11.043508
1.040000 49.000000 -11.474699
1.040000 50.000000 -11.910232

1.060000 0.000000 0.000000
1.060000 1.000000 0.326336
1.060000 2.000000 0.547762
1.060000 3.000000 0.698006
1.060000 4.000000 0.794493
1.060000 5.000000 0.847828
1.060000 6.000000 0.865134
1.060000 7.000000 0.851521
1.060000 8.000000 0.810835
1.060000 9.000000 0.746070
1.060000 10.000000 0.659627
1.060000 11.000000 0.553469
1.060000 12.000000 0.429237
1.060000 13.000000 0.288318
1.060000 14.000000 0.131901
1.060000 15.000000 -0.038982
1.060000 16.000000 -0.223428
1.060000 17.000000 -0.420639
1.060000 18.000000 -0.629909
1.060000 19.000000 -0.850601
1.060000 20.000000 -1.082147
1.060000 21.000000 -1.324029
1.060000 22.000000 -1.575778
1.060000 23.000000 -1.836965
1.060000 24.000000 -2.107198
1.060000 25.000000 -2.386114
1.060000 26.000000 -2.673379
1.060000 27.000000 -2.968686
1.060000 28.000000 -3.271746
1.060000 29.000000 -3.582292
1.060000 30.000000 -3.900076
1.060000 31.000000 -4.224862
1.060000 32.000000 -4.556434
1.060000 33.000000 -4.894585
1.060000 34.000000 -5.239121
1.060000 35.000000 -5.589861
1.060000 36.000000 -5.946632
1.060000 37.000000 -6.309271
1.060000 38.000000 -6.677624
1.060000 39.000000 -7.051544
1.060000 40.000000 -7.430893
1.060000 41.000000 -7.815537
1.060000 42.000000 -8.205350
1.060000 43.000000 -8.600213
1.060000 44.000000 -9.000011
1.060000 45.000000 -9.404634
1.060000 46.000000 -9.813978
1.060000 47.000000 -10.227941
1.060000 48.000000 -10.646427
1.060000 49.000000 -11.069345
1.060000 50.000000 -11.496606

1.080000 0.000000 0.000000
1.080000 1.000000 0.334454
1.080000 2.000000 0.563997
1.080000 3.000000 0.722360
1.080000 4.000000 0.826965
1.080000 5.000000 0.888417
1.080000 6.000000 0.913841
1.080000 7.000000 0.908347
1.080000 8.000000 0.875778
1.080000 9.000000 0.819131
1.080000 10.000000 0.740806
1.080000 11.000000 0.642766
1.080000 12.000000 0.526652
1.080000 13.000000 0.393850
1.080000 14.000000 0.245551
1.080000 15.000000 0.082786
1.080000 16.000000 -0.093541
1.080000 17.000000 -0.282635
1.080000 18.000000 -0.483787
1.080000 19.000000 -0.696361
1.080000 20.000000 -0.919789
1.080000 21.000000 -1.153553
1.080000 22.000000 -1.397184
1.080000 23.000000 -1.650254
1.080000 24.000000 -1.912368
1.080000 25.000000 -2.183166
1.080000 26.000000 -2.462314
1.080000 27.000000 -2.749503
1.080000 28.000000 -3.044445
1.080000 29.000000 -3.346873
1.080000 30.000000 -3.656539
1.080000 31.000000 -3.973208
1.080000 32.000000 -4.296661
1.080000 33.000000 -4.626694
1.080000 34.000000 -4.963113
1.080000 35.000000 -5.305735
1.080000 36.000000 -5.654388
1.080000 37.000000 -6.008909
1.080000 38.000000 -6.369144
1.080000 39.000000 -6.734947
1.080000 40.000000 -7.106177
1.080000 41.000000 -7.482703
1.080000 42.000000 -7.864399
1.080000 43.000000 -8.251144
1.080000 44.000000 -8.642824
1.080000 45.000000 -9.039329
1.080000 46.000000 -9.440555
1.080000 47.000000 -9.846400
1.080000 48.000000 -10.256768
1.080000 49.000000 -10.671568
1.080000 50.000000 -11.090711

1.100000 0.000000 0.000000
1.100000 1.000000 0.342423
1.100000 2.000000 0.579935
1.100000 3.000000 0.746267
1.100000 4.000000 0.858840
1.100000 5.000000 0.928262
1.100000 6.000000 0.961654
1.100000 7.000000 0.964129
1.100000 8.000000 0.939530
1.100000 9.000000 0.890852
1.100000 10.000000 0.820495
1.100000 11.000000 0.730424
1.100000 12.000000 0.622279
1.100000 13.000000 0.497446
1.100000 14.000000 0.357116
1.100000 15.000000 0.202320
1.100000 16.000000 0.033961
1.100000 17.000000 -0.147163
1.100000 18.000000 -0.340346
1.100000 19.000000 -0.544952
1.100000 20.000000 -0.760411
1.100000 21.000000 -0.986206
1.100000 22.000000 -1.221868
1.100000 23.000000 -1.466968
1.100000 24.000000 -1.721114
1.100000 25.000000 -1.983943
1.100000 26.000000 -2.255122
1.100000 27.000000 -2.534342
1.100000 28.000000 -2.821315
1.100000 29.000000 -3.115775
1.100000 30.000000 -3.417471
1.100000 31.000000 -3.726171
1.100000 32.000000 -4.041656
1.100000 33.000000 -4.363720
1.100000 34.000000 -4.692169
1.100000 35.000000 -5.026822
1.100000 36.000000 -5.367507
1.100000 37.000000 -5.714059
1.100000 38.000000 -6.066325
1.100000 39.000000 -6.424158
1.100000 40.000000 -6.787420
1.100000 41.000000 -7.155977
1.100000 42.000000 -7.529704
1.100000 43.000000 -7.908480
1.100000 44.000000 -8.292191
1.100000 45.000000 -8.680727
1.100000 46.000000 -9.073984
1.100000 47.000000 -9.471860
1.100000 48.000000 -9.874260
1.100000 49.000000 -10.281091
1.100000 50.000000 -10.692265

1.120000 0.000000 0.000000
1.120000 1.000000 0.350248
1.120000 2.000000 0.595586
1.120000 3.000000 0.769743
1.120000 4.000000 0.890142
1.120000 5.000000 0.967389
1.120000 6.000000 1.008607
1.120000 7.000000 1.018906
1.120000 8.000000 1.002132
1.120000 9.000000 0.961280
1.120000 10.000000 0.898748
1.120000 11.000000 0.816503
1.120000 12.000000 0.716183
1.120000 13.000000 0.599176
1.120000 14.000000 0.466671
1.120000 15.000000 0.319700
1.120000 16.000000 0.159167
1.120000 17.000000 -0.014133
1.120000 18.000000 -0.199490
1.120000 19.000000 -0.396270
1.120000 20.000000 -0.603904
1.120000 21.000000 -0.821874
1.120000 22.000000 -1.049711
1.120000 23.000000 -1.286986
1.120000 24.000000 -1.533306
1.120000 25.000000 -1.788310
1.120000 26.000000 -2.051663
1.120000 27.000000 -2.323058
1.120000 28.000000 -2.602205
1.120000 29.000000 -2.888840
1.120000 30.000000 -3.182711
1.120000 31.000000 -3.483585
1.120000 32.000000 -3.791245
1.120000 33.000000 -4.105484
1.120000 34.000000 -4.426108
1.120000 35.000000 -4.752936
1.120000 36.000000 -5.085794
1.120000 37.000000 -5.424521
1.120000 38.000000 -5.768962
1.120000 39.000000 -6.118970
1.120000 40.000000 -6.474406
1.120000 41.000000 -6.835138
1.120000 42.000000 -7.201040
1.120000 43.000000 -7.571991
1.120000 44.000000 -7.947876
1.120000 45.000000 -8.328587
1.120000 46.000000 -8.714018
1.120000 47.000000 -9.104069
1.120000 48.000000 -9.498644
1.120000 49.000000 -9.897649
1.120000 50.000000 -10.300998

1.140000 0.000000 0.000000
1.140000 1.000000 0.357935
1.140000 2.000000 0.610960
1.140000 3.000000 0.792803
1.140000 4.000000 0.920889
1.140000 5.000000 1.005823
1.140000 6.000000 1.054727
1.140000 7.000000 1.072714
1.140000 8.000000 1.063627
1.140000 9.000000 1.030461
1.140000 10.000000 0.975617
1.140000 11.000000 0.901058
1.140000 12.000000 0.808425
1.140000 13.000000 0.699104
1.140000 14.000000 0.574286
1.140000 15.000000 0.435003
1.140000 16.000000 0.282156
1.140000 17.000000 0.116543
1.140000 18.000000 -0.061127
1.140000 19.000000 -0.250221
1.140000 20.000000 -0.450167
1.140000 21.000000 -0.660450
1.140000 22.000000 -0.880600
1.140000 23.000000 -1.110189
1.140000 24.000000 -1.348822
1.140000 25.000000 -1.596139
1.140000 26.000000 -1.851806
1.140000 27.000000 -2.115513
1.140000 28.000000 -2.386974
1.140000 29.000000 -2.665922
1.140000 30.000000 -2.952106
1.140000 31.000000 -3.245294
1.140000 32.000000 -3.545266
1.140000 33.000000 -3.851818
1.140000 34.000000 -4.164756
1.140000 35.000000 -4.483897
1.140000 36.000000 -4.809069
1.140000 37.000000 -5.140109
1.140000 38.000000 -5.476863
1.140000 39.000000 -5.819184
1.140000 40.000000 -6.166933
1.140000 41.000000 -6.519978
1.140000 42.000000 -6.878193
1.140000 43.000000 -7.241457
1.140000 44.000000 -7.609656
1.140000 45.000000 -7.982680
1.140000 46.000000 -8.360424
1.140000 47.000000 -8.742788
1.140000 48.000000 -9.129676
1.140000 49.000000 -9.520995
1.140000 50.000000 -9.916656

1.160000 0.000000 0.000000
1.160000 1.000000 0.365488
1.160000 2.000000 0.626066
1.160000 3.000000 0.815463
1.160000 4.000000 0.951102
1.160000 5.000000 1.043588
1.160000 6.000000 1.100046
1.160000 7.000000 1.125586
1.160000 8.000000 1.124052
1.160000 9.000000 1.098440
1.160000 10.000000 1.051148
1.160000 11.000000 0.984143
1.160000 12.000000 0.899063
1.160000 13.000000 0.797295
1.160000 14.000000 0.680030
1.160000 15.000000 0.548300
1.160000 16.000000 0.403006
1.160000 17.000000 0.244947
1.160000 18.000000 0.074830
1.160000 19.000000 -0.106711
1.160000 20.000000 -0.299105
1.160000 21.000000 -0.501834
1.160000 22.000000 -0.714431
1.160000 23.000000 -0.936466
1.160000 24.000000 -1.167547
1.160000 25.000000 -1.407311
1.160000 26.000000 -1.655424
1.160000 27.000000 -1.911579
1.160000 28.000000 -2.175486
1.160000 29.000000 -2.446881
1.160000 30.000000 -2.725512
1.160000 31.000000 -3.011147
1.160000 32.000000 -3.303566
1.160000 33.000000 -3.602565
1.160000 34.000000 -3.907949
1.160000 35.000000 -4.219537
1.160000 36.000000 -4.537156
1.160000 37.000000 -4.860643
1.160000 38.000000 -5.189843
1.160000 39.000000 -5.524611
1.160000 40.000000 -5.864808
1.160000 41.000000 -6.210299
1.160000 42.000000 -6.560961
1.160000 43.000000 -6.916672
1.160000 44.000000 -7.277318
1.160000 45.000000 -7.642789
1.160000 46.000000 -8.012980
1.160000 47.000000 -8.387791
1.160000 48.000000 -8.767125
1.160000 49.000000 -9.150891
1.160000 50.000000 -9.538999

1.180000 0.000000 0.000000
1.180000 1.000000 0.372912
1.180000 2.000000 0.640914
1.180000 3.000000 0.837735
1.180000 4.000000 0.980798
1.180000 5.000000 1.080709
1.180000 6.000000 1.144590
1.180000 7.000000 1.177554
1.180000 8.000000 1.183444
1.180000 9.000000 1.165256
1.180000 10.000000 1.125388
1.180000 11.000000 1.065807
1.180000 12.000000 0.988151
1.180000 13.000000 0.893807
1.180000 14.000000 0.783967
1.180000 15.000000 0.659660
1.180000 16.000000 0.521791
1.180000 17.000000 0.371155
1.180000 18.000000 0.208462
1.180000 19.000000 0.034345
1.180000 20.000000 -0.150624
1.180000 21.000000 -0.345930
1.180000 22.000000 -0.551103
1.180000 23.000000 -0.765714
1.180000 24.000000 -0.989370
1.180000 25.000000 -1.221710
1.180000 26.000000 -1.462400
1.180000 27.000000 -1.711130
1.180000 28.000000 -1.967614
1.180000 29.000000 -2.231584
1.180000 30.000000 -2.502791
1.180000 31.000000 -2.781002
1.180000 32.000000 -3.065997
1.180000 33.000000 -3.357572
1.180000 34.000000 -3.655532
1.180000 35.000000 -3.959696
1.180000 36.000000 -4.269891
1.180000 37.000000 -4.585954
1.180000 38.000000 -4.907731
1.180000 39.000000 -5.235075
1.180000 40.000000 -5.567847
1.180000 41.000000 -5.905915
1.180000 42.000000 -6.249152
1.180000 43.000000 -6.597439
1.180000 44.000000 -6.950661
1.180000 45.000000 -7.308708
1.180000 46.000000 -7.671475
1.180000 47.000000 -8.038862
1.180000 48.000000 -8.410772
1.180000 49.000000 -8.787114
1.180000 50.000000 -9.167798

1.200000 0.000000 0.000000
1.200000 1.000000 0.380211
1.200000 2.000000 0.655512
1.200000 3.000000 0.859632
1.200000 4.000000 1.009995
1.200000 5.000000 1.117205
1.200000 6.000000 1.188386
1.200000 7.000000 1.228649
1.200000 8.000000 1.241838
1.200000 9.000000 1.230949
1.200000 10.000000 1.198381
1.200000 11.000000 1.146099
1.200000 12.000000 1.075742
1.200000 13.000000 0.988698
1.200000 14.000000 0.886156
1.200000 15.000000 0.769149
1.200000 16.000000 0.638578
1.200000 17.000000 0.495242
1.200000 18.000000 0.339848
1.200000 19.000000 0.173031
1.200000 20.000000 -0.004639
1.200000 21.000000 -0.192646
1.200000 22.000000 -0.390520
1.200000 23.000000 -0.597832
1.200000 24.000000 -0.814189
1.200000 25.000000 -1.039229
1.200000 26.000000 -1.272620
1.200000 27.000000 -1.514051
1.200000 28.000000 -1.763235
1.200000 29.000000 -2.019906
1.200000 30.000000 -2.283814
1.200000 31.000000 -2.554726
1.200000 32.000000 -2.832422
1.200000 33.000000 -3.116697
1.200000 34.000000 -3.407358
1.200000 35.000000 -3.704223
1.200000 36.000000 -4.007118
1.200000 37.000000 -4.315882
1.200000 38.000000 -4.630360
1.200000 39.000000 -4.950404
1.200000 40.000000 -5.275877
1.200000 41.000000 -5.606646
1.200000 42.000000 -5.942584
1.200000 43.000000 -6.283572
1.200000 44.000000 -6.629495
1.200000 45.000000 -6.980242
1.200000 46.000000 -7.335710
1.200000 47.000000 -7.695798
1.200000 48.000000 -8.060409
1.200000 49.000000 -8.429451
1.200000 50.000000 -8.802837

1.220000 0.000000 0.000000
1.220000 1.000000 0.387390
1.220000 2.000000 0.669870
1.220000 3.000000 0.881168
1.220000 4.000000 1.038709
1.220000 5.000000 1.153098
1.220000 6.000000 1.231457
1.220000 7.000000 1.278899
1.220000 8.000000 1.299267
1.220000 9.000000 1.295556
1.220000 10.000000 1.270166
1.220000 11.000000 1.225063
1.220000 12.000000 1.161885
1.220000 13.000000 1.082019
1.220000 14.000000 0.986656
1.220000 15.000000 0.876827
1.220000 16.000000 0.753436
1.220000 17.000000 0.617278
1.220000 18.000000 0.469063
1.220000 19.000000 0.309424
1.220000 20.000000 0.138932
1.220000 21.000000 -0.041896
1.220000 22.000000 -0.232591
1.220000 23.000000 -0.432724
1.220000 24.000000 -0.641903
1.220000 25.000000 -0.859765
1.220000 26.000000 -1.085976
1.220000 27.000000 -1.320229
1.220000 28.000000 -1.562235
1.220000 29.000000 -1.811727
1.220000 30.000000 -2.068457
1.220000 31.000000 -2.332189
1.220000 32.000000 -2.602707
1.220000 33.000000 -2.879804
1.220000 34.000000 -3.163286
1.220000 35.000000 -3.452972
1.220000 36.000000 -3.748689
1.220000 37.000000 -4.050275
1.220000 38.000000 -4.357573
1.220000 39.000000 -4.670440
1.220000 40.000000 -4.988734
1.220000 41.000000 -5.312324
1.220000 42.000000 -5.641084
1.220000 43.000000 -5.974893
1.220000 44.000000 -6.313637
1.220000 45.000000 -6.657206
1.220000 46.000000 -7.005495
1.220000 47.000000 -7.358404
1.220000 48.000000 -7.715837
1.220000 49.000000 -8.077701
1.220000 50.000000 -8.443907

1.240000 0.000000 0.000000
1.240000 1.000000 0.394452
1.240000 2.000000 0.683993
1.240000 3.000000 0.902354
1.240000 4.000000 1.066956
1.240000 5.000000 1.188407
1.240000 6.000000 1.273828
1.240000 7.000000 1.328332
1.240000 8.000000 1.355762
1.240000 9.000000 1.359113
1.240000 10.000000 1.340785
1.240000 11.000000 1.302743
1.240000 12.000000 1.246627
1.240000 13.000000 1.173823
1.240000 14.000000 1.085522
1.240000 15.000000 0.982755
1.240000 16.000000 0.866425
1.240000 17.000000 0.737330
1.240000 18.000000 0.596176
1.240000 19.000000 0.443599
1.240000 20.000000 0.280169
1.240000 21.000000 0.106403
1.240000 22.000000 -0.077230
1.240000 23.000000 -0.270301
1.240000 24.000000 -0.472418
1.240000 25.000000 -0.683218
1.240000 26.000000 -0.902368
1.240000 27.000000 -1.129559
1.240000 28.000000 -1.364503
1.240000 29.000000 -1.606934
1.240000 30.000000 -1.856601
1.240000 31.000000 -2.113272
1.240000 32.000000 -2.376728
1.240000 33.000000 -2.646763
1.240000 34.000000 -2.923183
1.240000 35.000000 -3.205807
1.240000 36.000000 -3.494463
1.240000 37.000000 -3.788986
1.240000 38.000000 -4.089223
1.240000 39.000000 -4.395027
1.240000 40.000000 -4.706260
1.240000 41.000000 -5.022788
1.240000 42.000000 -5.344486
1.240000 43.000000 -5.671233
1.240000 44.000000 -6.002915
1.240000 45.000000 -6.339422
1.240000 46.000000 -6.680650
1.240000 47.000000 -7.026497
1.240000 48.000000 -7.376868
1.240000 49.000000 -7.731670
1.240000 50.000000 -8.090815

1.260000 0.000000 0.000000
1.260000 1.000000 0.401401
1.260000 2.000000 0.697891
1.260000 3.000000 0.923200
1.260000 4.000000 1.094752
1.260000 5.000000 1.223151
1.260000 6.000000 1.315522
1.260000 7.000000 1.376974
1.260000 8.000000 1.411353
1.260000 9.000000 1.421653
1.260000 10.000000 1.410274
1.260000 11.000000 1.379181
1.260000 12.000000 1.330013
1.260000 13.000000 1.264158
1.260000 14.000000 1.182806
1.260000 15.000000 1.086988
1.260000 16.000000 0.977607
1.260000 17.000000 0.855460
1.260000 18.000000 0.721256
1.260000 19.000000 0.575628
1.260000 20.000000 0.419147
1.260000 21.000000 0.252329
1.260000 22.000000 0.075645
1.260000 23.000000 -0.110478
1.260000 24.000000 -0.305645
1.260000 25.000000 -0.509497
1.260000 26.000000 -0.721698
1.260000 27.000000 -0.941940
1.260000 28.000000 -1.169935
1.260000 29.000000 -1.405417
1.260000 30.000000 -1.648135
1.260000 31.000000 -1.897857
1.260000 32.000000 -2.154364
1.260000 33.000000 -2.417450
1.260000 34.000000 -2.686922
1.260000 35.000000 -2.962597
1.260000 36.000000 -3.244304
1.260000 37.000000 -3.531878
1.260000 38.000000 -3.825166
1.260000 39.000000 -4.124022
1.260000 40.000000 -4.428305
1.260000 41.000000 -4.737885
1.260000 42.000000 -5.052634
1.260000 43.000000 -5.372432
1.260000 44.000000 -5.697165
1.260000 45.000000 -6.026724
1.260000 46.000000 -6.361002
1.260000 47.000000 -6.699901
1.260000 48.000000 -7.043323
1.260000 49.000000 -7.391176
1.260000 50.000000 -7.743372

1.280000 0.000000 0.000000
1.280000 1.000000 0.408240
1.280000 2.000000 0.711570
1.280000 3.000000 0.943719
1.280000 4.000000 1.122110
1.280000 5.000000 1.257348
1.280000 6.000000 1.356558
1.280000 7.000000 1.424850
1.280000 8.000000 1.466068
1.280000 9.000000 1.483207
1.280000 10.000000 1.478668
1.280000 11.000000 1.454415
1.280000 12.000000 1.412086
1.280000 13.000000 1.353071
1.280000 14.000000 1.278558
1.280000 15.000000 1.189580
1.280000 16.000000 1.087038
1.280000 17.000000 0.971730
1.280000 18.000000 0.844365
1.280000 19.000000 0.705577
1.280000 20.000000 0.555935
1.280000 21.000000 0.395957
1.280000 22.000000 0.226112
1.280000 23.000000 0.046829
1.280000 24.000000 -0.141499
1.280000 25.000000 -0.338511
1.280000 26.000000 -0.543873
1.280000 27.000000 -0.757275
1.280000 28.000000 -0.978431
1.280000 29.000000 -1.207073
1.280000 30.000000 -1.442952
1.280000 31.000000 -1.685835
1.280000 32.000000 -1.935503
1.280000 33.000000 -2.191749
1.280000 34.000000 -2.454382
1.280000 35.000000 -2.723218
1.280000 36.000000 -2.998084
1.280000 37.000000 -3.278819
1.280000 38.000000 -3.565268
1.280000 39.000000 -3.857284
1.280000 40.000000 -4.154728
1.280000 41.000000 -4.457468
1.280000 42.000000 -4.765378
1.280000 43.000000 -5.078337
1.280000 44.000000 -5.396231
1.280000 45.000000 -5.718950
1.280000 46.000000 -6.046389
1.280000 47.000000 -6.378448
1.280000 48.000000 -6.715030
1.280000 49.000000 -7.056044
1.280000 50.000000 -7.401400

1.300000 0.000000 0.000000
1.300000 1.000000 0.414973
1.300000 2.000000 0.725037
1.300000 3.000000 0.963919
1.300000 4.000000 1.149043
1.300000 5.000000 1.291015
1.300000 6.000000 1.396958
1.300000 7.000000 1.471984
1.300000 8.000000 1.519935
1.300000 9.000000 1.543808
1.300000 10.000000 1.546002
1.300000 11.000000 1.528482
1.300000 12.000000 1.492887
1.300000 13.000000 1.440605
1.300000 14.000000 1.372826
1.300000 15.000000 1.290580
1.300000 16.000000 1.194772
1.300000 17.000000 1.086198
1.300000 18.000000 0.965566
1.300000 19.000000 0.833511
1.300000 20.000000 0.690603
1.300000 21.000000 0.537358
1.300000 22.000000 0.374247
1.300000 23.000000 0.201697
1.300000 24.000000 0.020102
1.300000 25.000000 -0.170177
1.300000 26.000000 -0.368805
1.300000 27.000000 -0.575474
1.300000 28.000000 -0.789896
1.300000 29.000000 -1.011805
1.300000 30.000000 -1.240951
1.300000 31.000000 -1.477100
1.300000 32.000000 -1.720034
1.300000 33.000000 -1.969548
1.300000 34.000000 -2.225447
1.300000 35.000000 -2.487549
1.300000 36.000000 -2.755683
1.300000 37.000000 -3.029684
1.300000 38.000000 -3.309400
1.300000 39.000000 -3.594682
1.300000 40.000000 -3.885393
1.300000 41.000000 -4.181400
1.300000 42.000000 -4.482576
1.300000 43.000000 -4.788801
1.300000 44.000000 -5.099962
1.300000 45.000000 -5.415947
1.300000 46.000000 -5.736653
1.300000 47.000000 -6.061979
1.300000 48.000000 -6.391828
1.300000 49.000000 -6.726108
1.300000 50.000000 -7.064731

1.320000 0.000000 0.000000
1.320000 1.000000 0.421604
1.320000 2.000000 0.738298
1.320000 3.000000 0.983810
1.320000 4.000000 1.175565
1.320000 5.000000 1.324168
1.320000 6.000000 1.436742
1.320000 7.000000 1.518398
1.320000 8.000000 1.572980
1.320000 9.000000 1.603483
1.320000 10.000000 1.612307
1.320000 11.000000 1.601418
1.320000 12.000000 1.572454
1.320000 13.000000 1.526802
1.320000 14.000000 1.465654
1.320000 15.000000 1.390039
1.320000 16.000000 1.300861
1.320000 17.000000 1.198918
1.320000 18.000000 1.084917
1.320000 19.000000 0.959492
1.320000 20.000000 0.823214
1.320000 21.000000 0.676600
1.320000 22.000000 0.520119
1.320000 23.000000 0.354200
1.320000 24.000000 0.179236
1.320000 25.000000 -0.004412
1.320000 26.000000 -0.196410
1.320000 27.000000 -0.396448
1.320000 28.000000 -0.604240
1.320000 29.000000 -0.819518
1.320000 30.000000 -1.042034
1.320000 31.000000 -1.271552
1.320000 32.000000 -1.507856
1.320000 33.000000 -1.750739
1.320000 34.000000 -2.000007
1.320000 35.000000 -2.255479
1.320000 36.000000 -2.516982
1.320000 37.000000 -2.784353
1.320000 38.000000 -3.057438
1.320000 39.000000 -3.336090
1.320000 40.000000 -3.620170
1.320000 41.000000 -3.909546
1.320000 42.000000 -4.204091
1.320000 43.000000 -4.503687
1.320000 44.000000 -4.808216
1.320000 45.000000 -5.117571
1.320000 46.000000 -5.431647
1.320000 47.000000 -5.750341
1.320000 48.000000 -6.073560
1.320000 49.000000 -6.401210
1.320000 50.000000 -6.733202

1.340000 0.000000 0.000000
1.340000 1.000000 0.428135
1.340000 2.000000 0.751359
1.340000 3.000000 1.003403
1.340000 4.000000 1.201689
1.340000 5.000000 1.356822
1.340000 6.000000 1.475927
1.340000 7.000000 1.564114
1.340000 8.000000 1.625227
1.340000 9.000000 1.662261
1.340000 10.000000 1.677616
1.340000 11.000000 1.673258
1.340000 12.000000 1.650824
1.340000 13.000000 1.611704
1.340000 14.000000 1.557086
1.340000 15.000000 1.488002
1.340000 16.000000 1.405355
1.340000 17.000000 1.309942
1.340000 18.000000 1.202472
1.340000 19.000000 1.083578
1.340000 20.000000 0.953832
1.340000 21.000000 0.813749
1.340000 22.000000 0.663798
1.340000 23.000000 0.504410
1.340000 24.000000 0.335977
1.340000 25.000000 0.158860
1.340000 26.000000 -0.026607
1.340000 27.000000 -0.220115
1.340000 28.000000 -0.421376
1.340000 29.000000 -0.630123
1.340000 30.000000 -0.846108
1.340000 31.000000 -1.069095
1.340000 32.000000 -1.298868
1.340000 33.000000 -1.535220
1.340000 34.000000 -1.777958
1.340000 35.000000 -2.026899
1.340000 36.000000 -2.281871
1.340000 37.000000 -2.542711
1.340000 38.000000 -2.809265
1.340000 39.000000 -3.081386
1.340000 40.000000 -3.358935
1.340000 41.000000 -3.641780
1.340000 42.000000 -3.929795
1.340000 43.000000 -4.222859
1.340000 44.000000 -4.520858
1.340000 45.000000 -4.823682
1.340000 46.000000 -5.131227
1.340000 47.000000 -5.443391
1.340000 48.000000 -5.760078
1.340000 49.000000 -6.081197
1.340000 50.000000 -6.406659

1.360000 0.000000 0.000000
1.360000 1.000000 0.434569
1.360000 2.000000 0.764228
1.360000 3.000000 1.022705
1.360000 4.000000 1.227425
1.360000 5.000000 1.388993
1.360000 6.000000 1.514532
1.360000 7.000000 1.609153
1.360000 8.000000 1.676700
1.360000 9.000000 1.720168
1.360000 10.000000 1.741957
1.360000 11.000000 1.744033
1.360000 12.000000 1.728034
1.360000 13.000000 1.695347
1.360000 14.000000 1.647163
1.360000 15.000000 1.584514
1.360000 16.000000 1.508301
1.360000 17.000000 1.419322
1.360000 18.000000 1.318286
1.360000 19.000000 1.205826
1.360000 20.000000 1.082514
1.360000 21.000000 0.948865
1.360000 22.000000 0.805349
1.360000 23.000000 0.652395
1.360000 24.000000 0.490395
1.360000 25.000000 0.319712
1.360000 26.000000 0.140680
1.360000 27.000000 -0.046394
1.360000 28.000000 -0.241221
1.360000 29.000000 -0.443534
1.360000 30.000000 -0.653084
1.360000 31.000000 -0.869638
1.360000 32.000000 -1.092977
1.360000 33.000000 -1.322894
1.360000 34.000000 -1.559198
1.360000 35.000000 -1.801705
1.360000 36.000000 -2.050243
1.360000 37.000000 -2.304649
1.360000 38.000000 -2.564769
1.360000 39.000000 -2.830456
1.360000 40.000000 -3.101571
1.360000 41.000000 -3.377982
1.360000 42.000000 -3.659562
1.360000 43.000000 -3.946193
1.360000 44.000000 -4.237757
1.360000 45.000000 -4.534147
1.360000 46.000000 -4.835258
1.360000 47.000000 -5.140988
1.360000 48.000000 -5.451241
1.360000 49.000000 -5.765926
1.360000 50.000000 -6.084953

1.380000 0.000000 0.000000
1.380000 1.000000 0.440909
1.380000 2.000000 0.776908
1.380000 3.000000 1.041726
1.380000 4.000000 1.252786
1.380000 5.000000 1.420694
1.380000 6.000000 1.552573
1.380000 7.000000 1.653534
1.380000 8.000000 1.727421
1.380000 9.000000 1.777229
1.380000 10.000000 1.805359
1.380000 11.000000 1.813775
1.380000 12.000000 1.804116
1.380000 13.000000 1.777769
1.380000 14.000000 1.735926
1.380000 15.000000 1.679616
1.380000 16.000000 1.609744
1.380000 17.000000 1.527105
1.380000 18.000000 1.432409
1.380000 19.000000 1.326290
1.380000 20.000000 1.209317
1.380000 21.000000 1.082009
1.380000 22.000000 0.944833
1.380000 23.000000 0.798219
1.380000 24.000000 0.642560
1.380000 25.000000 0.478217
1.380000 26.000000 0.305524
1.380000 27.000000 0.124791
1.380000 28.000000 -0.063696
1.380000 29.000000 -0.259669
1.380000 30.000000 -0.462879
1.380000 31.000000 -0.673093
1.380000 32.000000 -0.890091
1.380000 33.000000 -1.113668
1.380000 34.000000 -1.343632
1.380000 35.000000 -1.579798
1.380000 36.000000 -1.821996
1.380000 37.000000 -2.070062
1.380000 38.000000 -2.323842
1.380000 39.000000 -2.583189
1.380000 40.000000 -2.847964
1.380000 41.000000 -3.118034
1.380000 42.000000 -3.393275
1.380000 43.000000 -3.673565
1.380000 44.000000 -3.958790
1.380000 45.000000 -4.248839
1.380000 46.000000 -4.543609
1.380000 47.000000 -4.842999
1.380000 48.000000 -5.146913
1.380000 49.000000 -5.455257
1.380000 50.000000 -5.767945

1.400000 0.000000 0.000000
1.400000 1.000000 0.447158
1.400000 2.000000 0.789406
1.400000 3.000000 1.060473
1.400000 4.000000 1.277782
1.400000 5.000000 1.451939
1.400000 6.000000 1.590067
1.400000 7.000000 1.697277
1.400000 8.000000 1.777413
1.400000 9.000000 1.833470
1.400000 10.000000 1.867848
1.400000 11.000000 1.882513
1.400000 12.000000 1.879103
1.400000 13.000000 1.859006
1.400000 14.000000 1.823411
1.400000 15.000000 1.773351
1.400000 16.000000 1.709727
1.400000 17.000000 1.633338
1.400000 18.000000 1.544890
1.400000 19.000000 1.445020
1.400000 20.000000 1.334296
1.400000 21.000000 1.213237
1.400000 22.000000 1.082310
1.400000 23.000000 0.941945
1.400000 24.000000 0.792534
1.400000 25.000000 0.634441
1.400000 26.000000 0.467997
1.400000 27.000000 0.293513
1.400000 28.000000 0.111275
1.400000 29.000000 -0.078449
1.400000 30.000000 -0.275410
1.400000 31.000000 -0.479375
1.400000 32.000000 -0.690124
1.400000 33.000000 -0.907453
1.400000 34.000000 -1.131167
1.400000 35.000000 -1.361085
1.400000 36.000000 -1.597034
1.400000 37.000000 -1.838851
1.400000 38.000000 -2.086382
1.400000 39.000000 -2.339480
1.400000 40.000000 -2.598006
1.400000 41.000000 -2.861828
1.400000 42.000000 -3.130819
1.400000 43.000000 -3.404860
1.400000 44.000000 -3.683836
1.400000 45.000000 -3.967637
1.400000 46.000000 -4.256158
1.400000 47.000000 -4.549299
1.400000 48.000000 -4.846963
1.400000 49.000000 -5.149059
1.400000 50.000000 -5.455497

1.420000 0.000000 0.000000
1.420000 1.000000 0.453318
1.420000 2.000000 0.801727
1.420000 3.000000 1.078954
1.420000 4.000000 1.302423
1.420000 5.000000 1.482740
1.420000 6.000000 1.627028
1.420000 7.000000 1.740399
1.420000 8.000000 1.826695
1.420000 9.000000 1.888913
1.420000 10.000000 1.929452
1.420000 11.000000 1.950277
1.420000 12.000000 1.953027
1.420000 13.000000 1.939090
1.420000 14.000000 1.909655
1.420000 15.000000 1.865755
1.420000 16.000000 1.808292
1.420000 17.000000 1.738063
1.420000 18.000000 1.655776
1.420000 19.000000 1.562066
1.420000 20.000000 1.457503
1.420000 21.000000 1.342603
1.420000 22.000000 1.217836
1.420000 23.000000 1.083632
1.420000 24.000000 0.940382
1.420000 25.000000 0.788448
1.420000 26.000000 0.628165
1.420000 27.000000 0.459841
1.420000 28.000000 0.283764
1.420000 29.000000 0.100200
1.420000 30.000000 -0.090601
1.420000 31.000000 -0.288406
1.420000 32.000000 -0.492995
1.420000 33.000000 -0.704163
1.420000 34.000000 -0.921717
1.420000 35.000000 -1.145474
1.420000 36.000000 -1.375263
1.420000 37.000000 -1.610920
1.420000 38.000000 -1.852290
1.420000 39.000000 -2.099228
1.420000 40.000000 -2.351593
1.420000 41.000000 -2.609255
1.420000 42.000000 -2.872086
1.420000 43.000000 -3.139967
1.420000 44.000000 -3.412782
1.420000 45.000000 -3.690423
1.420000 46.000000 -3.972784
1.420000 47.000000 -4.259764
1.420000 48.000000 -4.551268
1.420000 49.000000 -4.847204
1.420000 50.000000 -5.147482

1.440000 0.000000 0.000000
1.440000 1.000000 0.459392
1.440000 2.000000 0.813875
1.440000 3.000000 1.097176
1.440000 4.000000 1.326720
1.440000 5.000000 1.513111
1.440000 6.000000 1.663473
1.440000 7.000000 1.782918
1.440000 8.000000 1.875288
1.440000 9.000000 1.943580
1.440000 10.000000 1.990193
1.440000 11.000000 2.017092
1.440000 12.000000 2.025917
1.440000 13.000000 2.018054
1.440000 14.000000 1.994693
1.440000 15.000000 1.956867
1.440000 16.000000 1.905478
1.440000 17.000000 1.841323
1.440000 18.000000 1.765111
1.440000 19.000000 1.677475
1.440000 20.000000 1.578986
1.440000 21.000000 1.470160
1.440000 22.000000 1.351468
1.440000 23.000000 1.223337
1.440000 24.000000 1.086161
1.440000 25.000000 0.940302
1.440000 26.000000 0.786093
1.440000 27.000000 0.623843
1.440000 28.000000 0.453840
1.440000 29.000000 0.276350
1.440000 30.000000 0.091623
1.440000 31.000000 -0.100107
1.440000 32.000000 -0.298622
1.440000 33.000000 -0.503716
1.440000 34.000000 -0.715196
1.440000 35.000000 -0.932879
1.440000 36.000000 -1.156594
1.440000 37.000000 -1.386176
1.440000 38.000000 -1.621472
1.440000 39.000000 -1.862336
1.440000 40.000000 -2.108627
1.440000 41.000000 -2.360215
1.440000 42.000000 -2.616972
1.440000 43.000000 -2.878778
1.440000 44.000000 -3.145520
1.440000 45.000000 -3.417086
1.440000 46.000000 -3.693373
1.440000 47.000000 -3.974279
1.440000 48.000000 -4.259709
1.440000 49.000000 -4.549570
1.440000 50.000000 -4.843774

1.460000 0.000000 0.000000
1.460000 1.000000 0.465383
1.460000 2.000000 0.825856
1.460000 3.000000 1.115147
1.460000 4.000000 1.350681
1.460000 5.000000 1.543063
1.460000 6.000000 1.699416
1.460000 7.000000 1.824850
1.460000 8.000000 1.923211
1.460000 9.000000 1.997493
1.460000 10.000000 2.050097
1.460000 11.000000 2.082986
1.460000 12.000000 2.097801
1.460000 13.000000 2.095928
1.460000 14.000000 2.078559
1.460000 15.000000 2.046723
1.460000 16.000000 2.001324
1.460000 17.000000 1.943159
1.460000 18.000000 1.872937
1.460000 19.000000 1.791291
1.460000 20.000000 1.698793
1.460000 21.000000 1.595958
1.460000 22.000000 1.483256
1.460000 23.000000 1.361115
1.460000 24.000000 1.229930
1.460000 25.000000 1.090061
1.460000 26.000000 0.941842
1.460000 27.000000 0.785583
1.460000 28.000000 0.621570
1.460000 29.000000 0.450070
1.460000 30.000000 0.271334
1.460000 31.000000 0.085594
1.460000 32.000000 -0.106930
1.460000 33.000000 -0.306034
1.460000 34.000000 -0.511524
1.460000 35.000000 -0.723216
1.460000 36.000000 -0.940941
1.460000 37.000000 -1.164533
1.460000 38.000000 -1.393839
1.460000 39.000000 -1.628712
1.460000 40.000000 -1.869013
1.460000 41.000000 -2.114610
1.460000 42.000000 -2.365377
1.460000 43.000000 -2.621193
1.460000 44.000000 -2.881944
1.460000 45.000000 -3.147520
1.460000 46.000000 -3.417816
1.460000 47.000000 -3.692732
1.460000 48.000000 -3.972172
1.460000 49.000000 -4.256043
1.460000 50.000000 -4.544256

1.480000 0.000000 0.000000
1.480000 1.000000 0.471292
1.480000 2.000000 0.837673
1.480000 3.000000 1.132874
1.480000 4.000000 1.374317
1.480000 5.000000 1.572607
1.480000 6.000000 1.734869
1.480000 7.000000 1.866212
1.480000 8.000000 1.970482
1.480000 9.000000 2.050673
1.480000 10.000000 2.109185
1.480000 11.000000 2.147984
1.480000 12.000000 2.168707
1.480000 13.000000 2.172744
1.480000 14.000000 2.161283
1.480000 15.000000 2.135356
1.480000 16.000000 2.095866
1.480000 17.000000 2.043610
1.480000 18.000000 1.979297
1.480000 19.000000 1.903560
1.480000 20.000000 1.816970
1.480000 21.000000 1.720044
1.480000 22.000000 1.613251
1.480000 23.000000 1.497019
1.480000 24.000000 1.371743
1.480000 25.000000 1.237783
1.480000 26.000000 1.095473
1.480000 27.000000 0.945122
1.480000 28.000000 0.787018
1.480000 29.000000 0.621427
1.480000 30.000000 0.448600
1.480000 31.000000 0.268769
1.480000 32.000000 0.082153
1.480000 33.000000 -0.111042
1.480000 34.000000 -0.310622
1.480000 35.000000 -0.516406
1.480000 36.000000 -0.728222
1.480000 37.000000 -0.945905
1.480000 38.000000 -1.169302
1.480000 39.000000 -1.398266
1.480000 40.000000 -1.632659
1.480000 41.000000 -1.872347
1.480000 42.000000 -2.117205
1.480000 43.000000 -2.367112
1.480000 44.000000 -2.621954
1.480000 45.000000 -2.881621
1.480000 46.000000 -3.146008
1.480000 47.000000 -3.415016
1.480000 48.000000 -3.688546
1.480000 49.000000 -3.966508
1.480000 50.000000 -4.248813

1.500000 0.000000 0.000000
1.500000 1.000000 0.477121
1.500000 2.000000 0.849332
1.500000 3.000000 1.150362
1.500000 4.000000 1.397635
1.500000 5.000000 1.601755
1.500000 6.000000 1.769846
1.500000 7.000000 1.907019
1.500000 8.000000 2.017118
1.500000 9.000000 2.103139
1.500000 10.000000 2.167481
1.500000 11.000000 2.212109
1.500000 12.000000 2.238662
1.500000 13.000000 2.248528
1.500000 14.000000 2.242896
1.500000 15.000000 2.222799
1.500000 16.000000 2.189139
1.500000 17.000000 2.142712
1.500000 18.000000 2.084228
1.500000 19.000000 2.014321
1.500000 20.000000 1.933561
1.500000 21.000000 1.842464
1.500000 22.000000 1.741501
1.500000 23.000000 1.631099
1.500000 24.000000 1.511652
1.500000 25.000000 1.383521
1.500000 26.000000 1.247041
1.500000 27.000000 1.102520
1.500000 28.000000 0.950245
1.500000 29.000000 0.790484
1.500000 30.000000 0.623486
1.500000 31.000000 0.449485
1.500000 32.000000 0.268699
1.500000 33.000000 0.081333
1.500000 34.000000 -0.112418
1.500000 35.000000 -0.312372
1.500000 36.000000 -0.518358
1.500000 37.000000 -0.730212
1.500000 38.000000 -0.947779
1.500000 39.000000 -1.170914
1.500000 40.000000 -1.399477
1.500000 41.000000 -1.633335
1.500000 42.000000 -1.872364
1.500000 43.000000 -2.116441
1.500000 44.000000 -2.365454
1.500000 45.000000 -2.619292
1.500000 46.000000 -2.877849
1.500000 47.000000 -3.141027
1.500000 48.000000 -3.408728
1.500000 49.000000 -3.680861
1.500000 50.000000 -3.957336

1.520000 0.000000 0.000000
1.520000 1.000000 0.482874
1.520000 2.000000 0.860837
1.520000 3.000000 1.167619
1.520000 4.000000 1.420644
1.520000 5.000000 1.630516
1.520000 6.000000 1.804360
1.520000 7.000000 1.947285
1.520000 8.000000 2.063137
1.520000 9.000000 2.154910
1.520000 10.000000 2.225004
1.520000 11.000000 2.275384
1.520000 12.000000 2.307690
1.520000 13.000000 2.323308
1.520000 14.000000 2.323429
1.520000 15.000000 2.309084
1.520000 16.000000 2.281176
1.520000 17.000000 2.240502
1.520000 18.000000 2.187770
1.520000 19.000000 2.123615
1.520000 20.000000 2.048607
1.520000 21.000000 1.963263
1.520000 22.000000 1.868052
1.520000 23.000000 1.763402
1.520000 24.000000 1.649708
1.520000 25.000000 1.527329
1.520000 26.000000 1.396601
1.520000 27.000000 1.257833
1.520000 28.000000 1.111310
1.520000 29.000000 0.957302
1.520000 30.000000 0.796056
1.520000 31.000000 0.627807
1.520000 32.000000 0.452773
1.520000 33.000000 0.271160
1.520000 34.000000 0.083161
1.520000 35.000000 -0.111041
1.520000 36.000000 -0.311274
1.520000 37.000000 -0.517376
1.520000 38.000000 -0.729191
1.520000 39.000000 -0.946573
1.520000 40.000000 -1.169384
1.520000 41.000000 -1.397490
1.520000 42.000000 -1.630766
1.520000 43.000000 -1.869091
1.520000 44.000000 -2.112352
1.520000 45.000000 -2.360437
1.520000 46.000000 -2.613242
1.520000 47.000000 -2.870668
1.520000 48.000000 -3.132617
1.520000 49.000000 -3.398997
1.520000 50.000000 -3.669719

1.540000 0.000000 0.000000
1.540000 1.000000 0.488551
1.540000 2.000000 0.872191
1.540000 3.000000 1.184651
1.540000 4.000000 1.443353
1.540000 5.000000 1.658902
1.540000 6.000000 1.838423
1.540000 7.000000 1.987025
1.540000 8.000000 2.108554
1.540000 9.000000 2.206004
1.540000 10.000000 2.281775
1.540000 11.000000 2.337833
1.540000 12.000000 2.375815
1.540000 13.000000 2.397111
1.540000 14.000000 2.402909
1.540000 15.000000 2.394241
1.540000 16.000000 2.372010
1.540000 17.000000 2.337013
1.540000 18.000000 2.289959
1.540000 19.000000 2.231481
1.540000 20.000000 2.162150
1.540000 21.000000 2.082483
1.540000 22.000000 1.992949
1.540000 23.000000 1.893976
1.540000 24.000000 1.785959
1.540000 25.000000 1.669258
1.540000 26.000000 1.544207
1.540000 27.000000 1.411115
1.540000 28.000000 1.270270
1.540000 29.000000 1.121939
1.540000 30.000000 0.966370
1.540000 31.000000 0.803798
1.540000 32.000000 0.634441
1.540000 33.000000 0.458506
1.540000 34.000000 0.276184
1.540000 35.000000 0.087659
1.540000 36.000000 -0.106897
1.540000 37.000000 -0.307322
1.540000 38.000000 -0.513460
1.540000 39.000000 -0.725165
1.540000 40.000000 -0.942298
1.540000 41.000000 -1.164727
1.540000 42.000000 -1.392326
1.540000 43.000000 -1.624975
1.540000 44.000000 -1.862558
1.540000 45.000000 -2.104966
1.540000 46.000000 -2.352094
1.540000 47.000000 -2.603842
1.540000 48.000000 -2.860114
1.540000 49.000000 -3.120817
1.540000 50.000000 -3.385863

1.560000 0.000000 0.000000
1.560000 1.000000 0.494155
1.560000 2.000000 0.883399
1.560000 3.000000 1.201462
1.560000 4.000000 1.465768
1.560000 5.000000 1.686921
1.560000 6.000000 1.872046
1.560000 7.000000 2.026252
1.560000 8.000000 2.153385
1.560000 9.000000 2.256439
1.560000 10.000000 2.337814
1.560000 11.000000 2.399475
1.560000 12.000000 2.443062
1.560000 13.000000 2.469961
1.560000 14.000000 2.481363
1.560000 15.000000 2.478299
1.560000 16.000000 2.461672
1.560000 17.000000 2.432279
1.560000 18.000000 2.390829
1.560000 19.000000 2.337955
1.560000 20.000000 2.274228
1.560000 21.000000 2.200164
1.560000 22.000000 2.116234
1.560000 23.000000 2.022866
1.560000 24.000000 1.920452
1.560000 25.000000 1.809355
1.560000 26.000000 1.689908
1.560000 27.000000 1.562420
1.560000 28.000000 1.427179
1.560000 29.000000 1.284451
1.560000 30.000000 1.134486
1.560000 31.000000 0.977518
1.560000 32.000000 0.813766
1.560000 33.000000 0.643433
1.560000 34.000000 0.466716
1.560000 35.000000 0.283794
1.560000 36.000000 0.094842
1.560000 37.000000 -0.099978
1.560000 38.000000 -0.300512
1.560000 39.000000 -0.506614
1.560000 40.000000 -0.718143
1.560000 41.000000 -0.934968
1.560000 42.000000 -1.156963
1.560000 43.000000 -1.384008
1.560000 44.000000 -1.615987
1.560000 45.000000 -1.852791
1.560000 46.000000 -2.094316
1.560000 47.000000 -2.340460
1.560000 48.000000 -2.591128
1.560000 49.000000 -2.846227
1.560000 50.000000 -3.105669

1.580000 0.000000 0.000000
1.580000 1.000000 0.499687
1.580000 2.000000 0.894464
1.580000 3.000000 1.218060
1.580000 4.000000 1.487898
1.580000 5.000000 1.714584
1.580000 6.000000 1.905241
1.580000 7.000000 2.064980
1.580000 8.000000 2.197645
1.580000 9.000000 2.306231
1.580000 10.000000 2.393139
1.580000 11.000000 2.460333
1.580000 12.000000 2.509452
1.580000 13.000000 2.541883
1.580000 14.000000 2.558818
1.580000 15.000000 2.561286
1.580000 16.000000 2.550192
1.580000 17.000000 2.526331
1.580000 18.000000 2.490413
1.580000 19.000000 2.443072
1.580000 20.000000 2.384877
1.580000 21.000000 2.316347
1.580000 22.000000 2.237949
1.580000 23.000000 2.150113
1.580000 24.000000 2.053232
1.580000 25.000000 1.947667
1.580000 26.000000 1.833752
1.580000 27.000000 1.711797
1.580000 28.000000 1.582088
1.580000 29.000000 1.444893
1.580000 30.000000 1.300461
1.580000 31.000000 1.149025
1.580000 32.000000 0.990805
1.580000 33.000000 0.826006
1.580000 34.000000 0.654820
1.580000 35.000000 0.477432
1.580000 36.000000 0.294012
1.580000 37.000000 0.104724
1.580000 38.000000 -0.090278
1.580000 39.000000 -0.290847
1.580000 40.000000 -0.496844
1.580000 41.000000 -0.708136
1.580000 42.000000 -0.924599
1.580000 43.000000 -1.146111
1.580000 44.000000 -1.372558
1.580000 45.000000 -1.603829
1.580000 46.000000 -1.839821
1.580000 47.000000 -2.080433
1.580000 48.000000 -2.325569
1.580000 49.000000 -2.575135
1.580000 50.000000 -2.829045

1.600000 0.000000 0.000000
1.600000 1.000000 0.505150
1.600000 2.000000 0.905390
1.600000 3.000000 1.234449
1.600000 4.000000 1.509750
1.600000 5.000000 1.741898
1.600000 6.000000 1.938018
1.600000 7.000000 2.103220
1.600000 8.000000 2.241348
1.600000 9.000000 2.355398
1.600000 10.000000 2.447768
1.600000 11.000000 2.520425
1.600000 12.000000 2.575007
1.600000 13.000000 2.612901
1.600000 14.000000 2.635298
1.600000 15.000000 2.643230
1.600000 16.000000 2.637598
1.600000 17.000000 2.619201
1.600000 18.000000 2.588746
1.600000 19.000000 2.546867
1.600000 20.000000 2.494135
1.600000 21.000000 2.431067
1.600000 22.000000 2.358133
1.600000 23.000000 2.275759
1.600000 24.000000 2.184341
1.600000 25.000000 2.084239
1.600000 26.000000 1.975788
1.600000 27.000000 1.859295
1.600000 28.000000 1.735049
1.600000 29.000000 1.603317
1.600000 30.000000 1.464348
1.600000 31.000000 1.318375
1.600000 32.000000 1.165618
1.600000 33.000000 1.006281
1.600000 34.000000 0.840559
1.600000 35.000000 0.668633
1.600000 36.000000 0.490676
1.600000 37.000000 0.306851
1.600000 38.000000 0.117312
1.600000 39.000000 -0.077794
1.600000 40.000000 -0.278328
1.600000 41.000000 -0.484158
1.600000 42.000000 -0.695157
1.600000 43.000000 -0.911206
1.600000 44.000000 -1.132190
1.600000 45.000000 -1.357999
1.600000 46.000000 -1.588528
1.600000 47.000000 -1.823677
1.600000 48.000000 -2.063350
1.600000 49.000000 -2.307453
1.600000 50.000000 -2.555900

1.620000 0.000000 0.000000
1.620000 1.000000 0.510545
1.620000 2.000000 0.916180
1.620000 3.000000 1.250634
1.620000 4.000000 1.531330
1.620000 5.000000 1.768874
1.620000 6.000000 1.970388
1.620000 7.000000 2.140985
1.620000 8.000000 2.284508
1.620000 9.000000 2.403953
1.620000 10.000000 2.501718
1.620000 11.000000 2.579770
1.620000 12.000000 2.639747
1.620000 13.000000 2.683037
1.620000 14.000000 2.710829
1.620000 15.000000 2.724155
1.620000 16.000000 2.723919
1.620000 17.000000 2.710916
1.620000 18.000000 2.685856
1.620000 19.000000 2.649372
1.620000 20.000000 2.602036
1.620000 21.000000 2.544363
1.620000 22.000000 2.476823
1.620000 23.000000 2.399845
1.620000 24.000000 2.313822
1.620000 25.000000 2.219115
1.620000 26.000000 2.116058
1.620000 27.000000 2.004961
1.620000 28.000000 1.886110
1.620000 29.000000 1.759773
1.620000 30.000000 1.626199
1.620000 31.000000 1.485621
1.620000 32.000000 1.338259
1.620000 33.000000 1.184317
1.620000 34.000000 1.023990
1.620000 35.000000 0.857459
1.620000 36.000000 0.684897
1.620000 37.000000 0.506467
1.620000 38.000000 0.322324
1.620000 39.000000 0.132613
1.620000 40.000000 -0.062527
1.620000 41.000000 -0.262961
1.620000 42.000000 -0.468566
1.620000 43.000000 -0.679220
1.620000 44.000000 -0.894809
1.620000 45.000000 -1.115223
1.620000 46.000000 -1.340357
1.620000 47.000000 -1.570111
1.620000 48.000000 -1.804388
1.620000 49.000000 -2.043097
1.620000 50.000000 -2.286148

1.640000 0.000000 0.000000
1.640000 1.000000 0.515874
1.640000 2.000000 0.926838
1.640000 3.000000 1.266620
1.640000 4.000000 1.552645
1.640000 5.000000 1.795518
1.640000 6.000000 2.002361
1.640000 7.000000 2.178287
1.640000 8.000000 2.327139
1.640000 9.000000 2.451912
1.640000 10.000000 2.555007
1.640000 11.000000 2.638387
1.640000 12.000000 2.703693
1.640000 13.000000 2.752311
1.640000 14.000000 2.785432
1.640000 15.000000 2.804088
1.640000 16.000000 2.809180
1.640000 17.000000 2.801506
1.640000 18.000000 2.781775
1.640000 19.000000 2.750620
1.640000 20.000000 2.708613
1.640000 21.000000 2.656269
1.640000 22.000000 2.594058
1.640000 23.000000 2.522408
1.640000 24.000000 2.441714
1.640000 25.000000 2.352336
1.640000 26.000000 2.254608
1.640000 27.000000 2.148840
1.640000 28.000000 2.035318
1.640000 29.000000 1.914309
1.640000 30.000000 1.786064
1.640000 31.000000 1.650815
1.640000 32.000000 1.508782
1.640000 33.000000 1.360169
1.640000 34.000000 1.205170
1.640000 35.000000 1.043968
1.640000 36.000000 0.876735
1.640000 37.000000 0.703634
1.640000 38.000000 0.524819
1.640000 39.000000 0.340437
1.640000 40.000000 0.150627
1.640000 41.000000 -0.044479
1.640000 42.000000 -0.244755
1.640000 43.000000 -0.450080
1.640000 44.000000 -0.660340
1.640000 45.000000 -0.875425
1.640000 46.000000 -1.095230
1.640000 47.000000 -1.319655
1.640000 48.000000 -1.548604
1.640000 49.000000 -1.781984
1.640000 50.000000 -2.019706

1.660000 0.000000 0.000000
1.660000 1.000000 0.521138
1.660000 2.000000 0.937366
1.660000 3.000000 1.282413
1.660000 4.000000 1.573702
1.660000 5.000000 1.821839
1.660000 6.000000 2.033947
1.660000 7.000000 2.215137
1.660000 8.000000 2.369253
1.660000 9.000000 2.499290
1.660000 10.000000 2.607649
1.660000 11.000000 2.696294
1.660000 12.000000 2.766864
1.660000 13.000000 2.820747
1.660000 14.000000 2.859132
1.660000 15.000000 2.883051
1.660000 16.000000 2.893408
1.660000 17.000000 2.890998
1.660000 18.000000 2.876531
1.660000 19.000000 2.850641
1.660000 20.000000 2.813897
1.660000 21.000000 2.766818
1.660000 22.000000 2.709871
1.660000 23.000000 2.643486
1.660000 24.000000 2.568056
1.660000 25.000000 2.483942
1.660000 26.000000 2.391478
1.660000 27.000000 2.290974
1.660000 28.000000 2.182716
1.660000 29.000000 2.066972
1.660000 30.000000 1.943991
1.660000 31.000000 1.814007
1.660000 32.000000 1.677237
1.660000 33.000000 1.533889
1.660000 34.000000 1.384154
1.660000 35.000000 1.228217
1.660000 36.000000 1.066248
1.660000 37.000000 0.898411
1.660000 38.000000 0.724860
1.660000 39.000000 0.545742
1.660000 40.000000 0.361196
1.660000 41.000000 0.171355
1.660000 42.000000 -0.023657
1.660000 43.000000 -0.223718
1.660000 44.000000 -0.428714
1.660000 45.000000 -0.638534
1.660000 46.000000 -0.853075
1.660000 47.000000 -1.072236
1.660000 48.000000 -1.295920
1.660000 49.000000 -1.524036
1.660000 50.000000 -1.756494

1.680000 0.000000 0.000000
1.680000 1.000000 0.526339
1.680000 2.000000 0.947768
1.680000 3.000000 1.298016
1.680000 4.000000 1.594507
1.680000 5.000000 1.847845
1.680000 6.000000 2.065154
1.680000 7.000000 2.251545
1.680000 8.000000 2.410863
1.680000 9.000000 2.546101
1.680000 10.000000 2.659661
1.680000 11.000000 2.753507
1.680000 12.000000 2.829278
1.680000 13.000000 2.888362
1.680000 14.000000 2.931949
1.680000 15.000000 2.961069
1.680000 16.000000 2.976627
1.680000 17.000000 2.979419
1.680000 18.000000 2.970153
1.680000 19.000000 2.949464
1.680000 20.000000 2.917921
1.680000 21.000000 2.876043
1.680000 22.000000 2.824297
1.680000 23.000000 2.763113
1.680000 24.000000 2.692884
1.680000 25.000000 2.613972
1.680000 26.000000 2.526709
1.680000 27.000000 2.431406
1.680000 28.000000 2.328350
1.680000 29.000000 2.217807
1.680000 30.000000 2.100027
1.680000 31.000000 1.975244
1.680000 32.000000 1.843675
1.680000 33.000000 1.705528
1.680000 34.000000 1.560995
1.680000 35.000000 1.410258
1.680000 36.000000 1.253491
1.680000 37.000000 1.090855
1.680000 38.000000 0.922506
1.680000 39.000000 0.748589
1.680000 40.000000 0.569244
1.680000 41.000000 0.384604
1.680000 42.000000 0.194793
1.680000 43.000000 -0.000067
1.680000 44.000000 -0.199861
1.680000 45.000000 -0.404481
1.680000 46.000000 -0.613820
1.680000 47.000000 -0.827780
1.680000 48.000000 -1.046263
1.680000 49.000000 -1.269178
1.680000 50.000000 -1.496435

1.700000 0.000000 0.000000
1.700000 1.000000 0.531479
1.700000 2.000000 0.958048
1.700000 3.000000 1.313435
1.700000 4.000000 1.615065
1.700000 5.000000 1.873543
1.700000 6.000000 2.095992
1.700000 7.000000 2.287523
1.700000 8.000000 2.451980
1.700000 9.000000 2.592358
1.700000 10.000000 2.711057
1.700000 11.000000 2.810043
1.700000 12.000000 2.890954
1.700000 13.000000 2.955177
1.700000 14.000000 3.003903
1.700000 15.000000 3.038164
1.700000 16.000000 3.058861
1.700000 17.000000 3.066793
1.700000 18.000000 3.062666
1.700000 19.000000 3.047117
1.700000 20.000000 3.020714
1.700000 21.000000 2.983975
1.700000 22.000000 2.937369
1.700000 23.000000 2.881325
1.700000 24.000000 2.816236
1.700000 25.000000 2.742463
1.700000 26.000000 2.660340
1.700000 27.000000 2.570177
1.700000 28.000000 2.472260
1.700000 29.000000 2.366856
1.700000 30.000000 2.254216
1.700000 31.000000 2.134572
1.700000 32.000000 2.008144
1.700000 33.000000 1.875136
1.700000 34.000000 1.735743
1.700000 35.000000 1.590146
1.700000 36.000000 1.438518
1.700000 37.000000 1.281022
1.700000 38.000000 1.117812
1.700000 39.000000 0.949035
1.700000 40.000000 0.774830
1.700000 41.000000 0.595329
1.700000 42.000000 0.410658
1.700000 43.000000 0.220938
1.700000 44.000000 0.026283
1.700000 45.000000 -0.173197
1.700000 46.000000 -0.377397
1.700000 47.000000 -0.586217
1.700000 48.000000 -0.799560
1.700000 49.000000 -1.017335
1.700000 50.000000 -1.239453

1.720000 0.000000 0.000000
1.720000 1.000000 0.536558
1.720000 2.000000 0.968207
1.720000 3.000000 1.328674
1.720000 4.000000 1.635384
1.720000 5.000000 1.898941
1.720000 6.000000 2.126469
1.720000 7.000000 2.323079
1.720000 8.000000 2.492616
1.720000 9.000000 2.638074
1.720000 10.000000 2.761853
1.720000 11.000000 2.865918
1.720000 12.000000 2.951908
1.720000 13.000000 3.021211
1.720000 14.000000 3.075017
1.720000 15.000000 3.114357
1.720000 16.000000 3.140134
1.720000 17.000000 3.153145
1.720000 18.000000 3.154098
1.720000 19.000000 3.143628
1.720000 20.000000 3.122305
1.720000 21.000000 3.090645
1.720000 22.000000 3.049119
1.720000 23.000000 2.998154
1.720000 24.000000 2.938144
1.720000 25.000000 2.869451
1.720000 26.000000 2.792408
1.720000 27.000000 2.707324
1.720000 28.000000 2.614486
1.720000 29.000000 2.514163
1.720000 30.000000 2.406602
1.720000 31.000000 2.292038
1.720000 32.000000 2.170689
1.720000 33.000000 2.042760
1.720000 34.000000 1.908447
1.720000 35.000000 1.767929
1.720000 36.000000 1.621381
1.720000 37.000000 1.468964
1.720000 38.000000 1.310834
1.720000 39.000000 1.147136
1.720000 40.000000 0.978011
1.720000 41.000000 0.803589
1.720000 42.000000 0.623998
1.720000 43.000000 0.439358
1.720000 44.000000 0.249782
1.720000 45.000000 0.055382
1.720000 46.000000 -0.143739
1.720000 47.000000 -0.347479
1.720000 48.000000 -0.555743
1.720000 49.000000 -0.768439
1.720000 50.000000 -0.985477

1.740000 0.000000 0.000000
1.740000 1.000000 0.541579
1.740000 2.000000 0.978248
1.740000 3.000000 1.343736
1.740000 4.000000 1.655467
1.740000 5.000000 1.924045
1.740000 6.000000 2.156594
1.740000 7.000000 2.358225
1.740000 8.000000 2.532782
1.740000 9.000000 2.683261
1.740000 10.000000 2.812061
1.740000 11.000000 2.921147
1.740000 12.000000 3.012158
1.740000 13.000000 3.086482
1.740000 14.000000 3.145308
1.740000 15.000000 3.189669
1.740000 16.000000 3.220466
1.740000 17.000000 3.238498
1.740000 18.000000 3.244472
1.740000 19.000000 3.239023
1.740000 20.000000 3.222721
1.740000 21.000000 3.196082
1.740000 22.000000 3.159576
1.740000 23.000000 3.113632
1.740000 24.000000 3.058643
1.740000 25.000000 2.994971
1.740000 26.000000 2.922948
1.740000 27.000000 2.842885
1.740000 28.000000 2.755069
1.740000 29.000000 2.659766
1.740000 30.000000 2.557226
1.740000 31.000000 2.447682
1.740000 32.000000 2.331354
1.740000 33.000000 2.208447
1.740000 34.000000 2.079154
1.740000 35.000000 1.943657
1.740000 36.000000 1.802130
1.740000 37.000000 1.654734
1.740000 38.000000 1.501624
1.740000 39.000000 1.342948
1.740000 40.000000 1.178843
1.740000 41.000000 1.009442
1.740000 42.000000 0.834872
1.740000 43.000000 0.655252
1.740000 44.000000 0.470698
1.740000 45.000000 0.281318
1.740000 46.000000 0.087218
1.740000 47.000000 -0.111502
1.740000 48.000000 -0.314745
1.740000 49.000000 -0.522419
1.740000 50.000000 -0.734436

1.760000 0.000000 0.000000
1.760000 1.000000 0.546543
1.760000 2.000000 0.988175
1.760000 3.000000 1.358627
1.760000 4.000000 1.675320
1.760000 5.000000 1.948862
1.760000 6.000000 2.186374
1.760000 7.000000 2.392969
1.760000 8.000000 2.572490
1.760000 9.000000 2.727932
1.760000 10.000000 2.861695
1.760000 11.000000 2.975744
1.760000 12.000000 3.071719
1.760000 13.000000 3.151006
1.760000 14.000000 3.214796
1.760000 15.000000 3.264120
1.760000 16.000000 3.299881
1.760000 17.000000 3.322876
1.760000 18.000000 3.333814
1.760000 19.000000 3.333328
1.760000 20.000000 3.321989
1.760000 21.000000 3.300314
1.760000 22.000000 3.268772
1.760000 23.000000 3.227791
1.760000 24.000000 3.177766
1.760000 25.000000 3.119056
1.760000 26.000000 3.051997
1.760000 27.000000 2.976898
1.760000 28.000000 2.894045
1.760000 29.000000 2.803705
1.760000 30.000000 2.706129
1.760000 31.000000 2.601549
1.760000 32.000000 2.490184
1.760000 33.000000 2.372240
1.760000 34.000000 2.247910
1.760000 35.000000 2.117377
1.760000 36.000000 1.980813
1.760000 37.000000 1.838380
1.760000 38.000000 1.690234
1.760000 39.000000 1.536521
1.760000 40.000000 1.377380
1.760000 41.000000 1.212942
1.760000 42.000000 1.043335
1.760000 43.000000 0.868679
1.760000 44.000000 0.689088
1.760000 45.000000 0.504672
1.760000 46.000000 0.315535
1.760000 47.000000 0.121779
1.760000 48.000000 -0.076501
1.760000 49.000000 -0.279212
1.760000 50.000000 -0.486265

1.780000 0.000000 0.000000
1.780000 1.000000 0.551450
1.780000 2.000000 0.997990
1.780000 3.000000 1.373349
1.780000 4.000000 1.694950
1.780000 5.000000 1.973398
1.780000 6.000000 2.215818
1.780000 7.000000 2.427320
1.780000 8.000000 2.611748
1.780000 9.000000 2.772098
1.780000 10.000000 2.910768
1.780000 11.000000 3.029725
1.780000 12.000000 3.130607
1.780000 13.000000 3.214801
1.780000 14.000000 3.283499
1.780000 15.000000 3.337730
1.780000 16.000000 3.378398
1.780000 17.000000 3.406301
1.780000 18.000000 3.422146
1.780000 19.000000 3.426567
1.780000 20.000000 3.420136
1.780000 21.000000 3.403368
1.780000 22.000000 3.376733
1.780000 23.000000 3.340660
1.780000 24.000000 3.295542
1.780000 25.000000 3.241740
1.780000 26.000000 3.179588
1.780000 27.000000 3.109396
1.780000 28.000000 3.031450
1.780000 29.000000 2.946018
1.780000 30.000000 2.853349
1.780000 31.000000 2.753676
1.780000 32.000000 2.647218
1.780000 33.000000 2.534182
1.780000 34.000000 2.414759
1.780000 35.000000 2.289134
1.780000 36.000000 2.157477
1.780000 37.000000 2.019952
1.780000 38.000000 1.876713
1.780000 39.000000 1.727907
1.780000 40.000000 1.573673
1.780000 41.000000 1.414143
1.780000 42.000000 1.249444
1.780000 43.000000 1.079694
1.780000 44.000000 0.905011
1.780000 45.000000 0.725502
1.780000 46.000000 0.541273
1.780000 47.000000 0.352424
1.780000 48.000000 0.159051
1.780000 49.000000 -0.038752
1.780000 50.000000 -0.240899

1.800000 0.000000 0.000000
1.800000 1.000000 0.556303
1.800000 2.000000 1.007695
1.800000 3.000000 1.387906
1.800000 4.000000 1.714360
1.800000 5.000000 1.997661
1.800000 6.000000 2.244933
1.800000 7.000000 2.461288
1.800000 8.000000 2.650568
1.800000 9.000000 2.815770
1.800000 10.000000 2.959293
1.800000 11.000000 3.083102
1.800000 12.000000 3.188837
1.800000 13.000000 3.277884
1.800000 14.000000 3.351434
1.800000 15.000000 3.410518
1.800000 16.000000 3.456039
1.800000 17.000000 3.488794
1.800000 18.000000 3.509491
1.800000 19.000000 3.518765
1.800000 20.000000 3.517186
1.800000 21.000000 3.505270
1.800000 22.000000 3.483488
1.800000 23.000000 3.452267
1.800000 24.000000 3.412002
1.800000 25.000000 3.363052
1.800000 26.000000 3.305753
1.800000 27.000000 3.240413
1.800000 28.000000 3.167320
1.800000 29.000000 3.086740
1.800000 30.000000 2.998924
1.800000 31.000000 2.904103
1.800000 32.000000 2.802499
1.800000 33.000000 2.694314
1.800000 34.000000 2.579744
1.800000 35.000000 2.458971
1.800000 36.000000 2.332167
1.800000 37.000000 2.199494
1.800000 38.000000 2.061108
1.800000 39.000000 1.917155
1.800000 40.000000 1.767773
1.800000 41.000000 1.613096
1.800000 42.000000 1.453249
1.800000 43.000000 1.288352
1.800000 44.000000 1.118521
1.800000 45.000000 0.943864
1.800000 46.000000 0.764488
1.800000 47.000000 0.580491
1.800000 48.000000 0.391972
1.800000 49.000000 0.199020
1.800000 50.000000 0.001726

1.820000 0.000000 0.000000
1.820000 1.000000 0.561101
1.820000 2.000000 1.017293
1.820000 3.000000 1.402303
1.820000 4.000000 1.733555
1.820000 5.000000 2.021655
1.820000 6.000000 2.273727
1.820000 7.000000 2.494880
1.820000 8.000000 2.688959
1.820000 9.000000 2.858960
1.820000 10.000000 3.007282
1.820000 11.000000 3.135890
1.820000 12.000000 3.246423
1.820000 13.000000 3.340269
1.820000 14.000000 3.418618
1.820000 15.000000 3.482501
1.820000 16.000000 3.532821
1.820000 17.000000 3.570375
1.820000 18.000000 3.595871
1.820000 19.000000 3.609944
1.820000 20.000000 3.613163
1.820000 21.000000 3.606047
1.820000 22.000000 3.589063
1.820000 23.000000 3.562642
1.820000 24.000000 3.527175
1.820000 25.000000 3.483024
1.820000 26.000000 3.430524
1.820000 27.000000 3.369983
1.820000 28.000000 3.301689
1.820000 29.000000 3.225908
1.820000 30.000000 3.142890
1.820000 31.000000 3.052869
1.820000 32.000000 2.956063
1.820000 33.000000 2.852678
1.820000 34.000000 2.742907
1.820000 35.000000 2.626932
1.820000 36.000000 2.504927
1.820000 37.000000 2.377053
1.820000 38.000000 2.243466
1.820000 39.000000 2.104311
1.820000 40.000000 1.959728
1.820000 41.000000 1.809850
1.820000 42.000000 1.654802
1.820000 43.000000 1.494704
1.820000 44.000000 1.329672
1.820000 45.000000 1.159814
1.820000 46.000000 0.985236
1.820000 47.000000 0.806039
1.820000 48.000000 0.622318
1.820000 49.000000 0.434166
1.820000 50.000000 0.241671

1.840000 0.000000 0.000000
1.840000 1.000000 0.565848
1.840000 2.000000 1.026786
1.840000 3.000000 1.416542
1.840000 4.000000 1.752541
1.840000 5.000000 2.045388
1.840000 6.000000 2.302205
1.840000 7.000000 2.528105
1.840000 8.000000 2.726931
1.840000 9.000000 2.901678
1.840000 10.000000 3.054746
1.840000 11.000000 3.188101
1.840000 12.000000 3.303381
1.840000 13.000000 3.401973
1.840000 14.000000 3.485068
1.840000 15.000000 3.553697
1.840000 16.000000 3.608764
1.840000 17.000000 3.651064
1.840000 18.000000 3.681307
1.840000 19.000000 3.700126
1.840000 20.000000 3.708092
1.840000 21.000000 3.705722
1.840000 22.000000 3.693485
1.840000 23.000000 3.671810
1.840000 24.000000 3.641089
1.840000 25.000000 3.601685
1.840000 26.000000 3.553931
1.840000 27.000000 3.498137
1.840000 28.000000 3.434589
1.840000 29.000000 3.363554
1.840000 30.000000 3.285283
1.840000 31.000000 3.200008
1.840000 32.000000 3.107949
1.840000 33.000000 3.009310
1.840000 34.000000 2.904285
1.840000 35.000000 2.793057
1.840000 36.000000 2.675798
1.840000 37.000000 2.552671
1.840000 38.000000 2.423830
1.840000 39.000000 2.289422
1.840000 40.000000 2.149586
1.840000 41.000000 2.004454
1.840000 42.000000 1.854152
1.840000 43.000000 1.698801
1.840000 44.000000 1.538515
1.840000 45.000000 1.373404
1.840000 46.000000 1.203573
1.840000 47.000000 1.029121
1.840000 48.000000 0.850147
1.840000 49.000000 0.666741
1.840000 50.000000 0.478992

1.860000 0.000000 0.000000
1.860000 1.000000 0.570543
1.860000 2.000000 1.036176
1.860000 3.000000 1.430627
1.860000 4.000000 1.771322
1.860000 5.000000 2.068863
1.860000 6.000000 2.330376
1.860000 7.000000 2.560971
1.860000 8.000000 2.764492
1.860000 9.000000 2.943934
1.860000 10.000000 3.101698
1.860000 11.000000 3.239747
1.860000 12.000000 3.359722
1.860000 13.000000 3.463010
1.860000 14.000000 3.550800
1.860000 15.000000 3.624124
1.860000 16.000000 3.683886
1.860000 17.000000 3.730881
1.860000 18.000000 3.765819
1.860000 19.000000 3.789333
1.860000 20.000000 3.801995
1.860000 21.000000 3.804320
1.860000 22.000000 3.796778
1.860000 23.000000 3.779798
1.860000 24.000000 3.753772
1.860000 25.000000 3.719063
1.860000 26.000000 3.676005
1.860000 27.000000 3.624905
1.860000 28.000000 3.566052
1.860000 29.000000 3.499713
1.860000 30.000000 3.426137
1.860000 31.000000 3.345557
1.860000 32.000000 3.258193
1.860000 33.000000 3.164249
1.860000 34.000000 3.063919
1.860000 35.000000 2.957387
1.860000 36.000000 2.844823
1.860000 37.000000 2.726391
1.860000 38.000000 2.602245
1.860000 39.000000 2.472532
1.860000 40.000000 2.337391
1.860000 41.000000 2.196954
1.860000 42.000000 2.051347
1.860000 43.000000 1.900691
1.860000 44.000000 1.745100
1.860000 45.000000 1.584684
1.860000 46.000000 1.419548
1.860000 47.000000 1.249792
1.860000 48.000000 1.075513
1.860000 49.000000 0.896802
1.860000 50.000000 0.713748

1.880000 0.000000 0.000000
1.880000 1.000000 0.575188
1.880000 2.000000 1.045466
1.880000 3.000000 1.444562
1.880000 4.000000 1.789901
1.880000 5.000000 2.092088
1.880000 6.000000 2.358245
1.880000 7.000000 2.593485
1.880000 8.000000 2.801651
1.880000 9.000000 2.985738
1.880000 10.000000 3.148147
1.880000 11.000000 3.290841
1.880000 12.000000 3.415461
1.880000 13.000000 3.523393
1.880000 14.000000 3.615828
1.880000 15.000000 3.693798
1.880000 16.000000 3.758204
1.880000 17.000000 3.809844
1.880000 18.000000 3.849427
1.880000 19.000000 3.877586
1.880000 20.000000 3.894893
1.880000 21.000000 3.901863
1.880000 22.000000 3.898966
1.880000 23.000000 3.886630
1.880000 24.000000 3.865250
1.880000 25.000000 3.835186
1.880000 26.000000 3.796772
1.880000 27.000000 3.750318
1.880000 28.000000 3.696110
1.880000 29.000000 3.634415
1.880000 30.000000 3.565484
1.880000 31.000000 3.489549
1.880000 32.000000 3.406830
1.880000 33.000000 3.317531
1.880000 34.000000 3.221846
1.880000 35.000000 3.119958
1.880000 36.000000 3.012039
1.880000 37.000000 2.898252
1.880000 38.000000 2.778751
1.880000 39.000000 2.653683
1.880000 40.000000 2.523187
1.880000 41.000000 2.387395
1.880000 42.000000 2.246433
1.880000 43.000000 2.100422
1.880000 44.000000 1.949476
1.880000 45.000000 1.793705
1.880000 46.000000 1.633214
1.880000 47.000000 1.468103
1.880000 48.000000 1.298468
1.880000 49.000000 1.124402
1.880000 50.000000 0.945994

1.900000 0.000000 0.000000
1.900000 1.000000 0.579784
1.900000 2.000000 1.054657
1.900000 3.000000 1.458349
1.900000 4.000000 1.808284
1.900000 5.000000 2.115066
1.900000 6.000000 2.385820
1.900000 7.000000 2.625656
1.900000 8.000000 2.838417
1.900000 9.000000 3.027100
1.900000 10.000000 3.194104
1.900000 11.000000 3.341394
1.900000 12.000000 3.470610
1.900000 13.000000 3.583138
1.900000 14.000000 3.680169
1.900000 15.000000 3.762734
1.900000 16.000000 3.831736
1.900000 17.000000 3.887972
1.900000 18.000000 3.932151
1.900000 19.000000 3.964906
1.900000 20.000000 3.986808
1.900000 21.000000 3.998373
1.900000 22.000000 4.000072
1.900000 23.000000 3.992333
1.900000 24.000000 3.975548
1.900000 25.000000 3.950080
1.900000 26.000000 3.916262
1.900000 27.000000 3.874403
1.900000 28.000000 3.824791
1.900000 29.000000 3.767692
1.900000 30.000000 3.703357
1.900000 31.000000 3.632017
1.900000 32.000000 3.553894
1.900000 33.000000 3.469191
1.900000 34.000000 3.378102
1.900000 35.000000 3.280810
1.900000 36.000000 3.177486
1.900000 37.000000 3.068295
1.900000 38.000000 2.953390
1.900000 39.000000 2.832917
1.900000 40.000000 2.707017
1.900000 41.000000 2.575821
1.900000 42.000000 2.439455
1.900000 43.000000 2.298039
1.900000 44.000000 2.151689
1.900000 45.000000 2.000514
1.900000 46.000000 1.844618
1.900000 47.000000 1.684103
1.900000 48.000000 1.519064
1.900000 49.000000 1.349594
1.900000 50.000000 1.175781

1.920000 0.000000 0.000000
1.920000 1.000000 0.584331
1.920000 2.000000 1.063752
1.920000 3.000000 1.471992
1.920000 4.000000 1.826475
1.920000 5.000000 2.137805
1.920000 6.000000 2.413106
1.920000 7.000000 2.657489
1.920000 8.000000 2.874798
1.920000 9.000000 3.068029
1.920000 10.000000 3.239580
1.920000 11.000000 3.391418
1.920000 12.000000 3.525181
1.920000 13.000000 3.642257
1.920000 14.000000 3.743836
1.920000 15.000000 3.830948
1.920000 16.000000 3.904498
1.920000 17.000000 3.965282
1.920000 18.000000 4.014008
1.920000 19.000000 4.051311
1.920000 20.000000 4.077760
1.920000 21.000000 4.093874
1.920000 22.000000 4.100120
1.920000 23.000000 4.096928
1.920000 24.000000 4.084691
1.920000 25.000000 4.063770
1.920000 26.000000 4.034500
1.920000 27.000000 3.997189
1.920000 28.000000 3.952124
1.920000 29.000000 3.899573
1.920000 30.000000 3.839785
1.920000 31.000000 3.772994
1.920000 32.000000 3.699418
1.920000 33.000000 3.619262
1.920000 34.000000 3.532721
1.920000 35.000000 3.439977
1.920000 36.000000 3.341201
1.920000 37.000000 3.236557
1.920000 38.000000 3.126200
1.920000 39.000000 3.010275
1.920000 40.000000 2.888922
1.920000 41.000000 2.762273
1.920000 42.000000 2.630455
1.920000 43.000000 2.493587
1.920000 44.000000 2.351785
1.920000 45.000000 2.205157
1.920000 46.000000 2.053809
1.920000 47.000000 1.897841
1.920000 48.000000 1.737350
1.920000 49.000000 1.572428
1.920000 50.000000 1.403163

1.940000 0.000000 0.000000
1.940000 1.000000 0.588832
1.940000 2.000000 1.072753
1.940000 3.000000 1.485494
1.940000 4.000000 1.844477
1.940000 5.000000 2.160307
1.940000 6.000000 2.440109
1.940000 7.000000 2.688992
1.940000 8.000000 2.910802
1.940000 9.000000 3.108533
1.940000 10.000000 3.284585
1.940000 11.000000 3.440924
1.940000 12.000000 3.579187
1.940000 13.000000 3.700764
1.940000 14.000000 3.806843
1.940000 15.000000 3.898456
1.940000 16.000000 3.976506
1.940000 17.000000 4.041790
1.940000 18.000000 4.095017
1.940000 19.000000 4.136820
1.940000 20.000000 4.167770
1.940000 21.000000 4.188384
1.940000 22.000000 4.199131
1.940000 23.000000 4.200440
1.940000 24.000000 4.192703
1.940000 25.000000 4.176283
1.940000 26.000000 4.151513
1.940000 27.000000 4.118702
1.940000 28.000000 4.078138
1.940000 29.000000 4.030088
1.940000 30.000000 3.974800
1.940000 31.000000 3.912509
1.940000 32.000000 3.843434
1.940000 33.000000 3.767779
1.940000 34.000000 3.685738
1.940000 35.000000 3.597494
1.940000 36.000000 3.503219
1.940000 37.000000 3.403076
1.940000 38.000000 3.297219
1.940000 39.000000 3.185794
1.940000 40.000000 3.068942
1.940000 41.000000 2.946794
1.940000 42.000000 2.819476
1.940000 43.000000 2.687109
1.940000 44.000000 2.549807
1.940000 45.000000 2.407680
1.940000 46.000000 2.260832
1.940000 47.000000 2.109365
1.940000 48.000000 1.953374
1.940000 49.000000 1.792952
1.940000 50.000000 1.628188

1.960000 0.000000 0.000000
1.960000 1.000000 0.593286
1.960000 2.000000 1.081662
1.960000 3.000000 1.498857
1.960000 4.000000 1.862294
1.960000 5.000000 2.182579
1.960000 6.000000 2.466835
1.960000 7.000000 2.720173
1.960000 8.000000 2.946437
1.960000 9.000000 3.148622
1.960000 10.000000 3.329129
1.960000 11.000000 3.489922
1.960000 12.000000 3.632640
1.960000 13.000000 3.758670
1.960000 14.000000 3.869204
1.960000 15.000000 3.965271
1.960000 16.000000 4.047776
1.960000 17.000000 4.117514
1.960000 18.000000 4.175195
1.960000 19.000000 4.221453
1.960000 20.000000 4.256857
1.960000 21.000000 4.281925
1.960000 22.000000 4.297126
1.960000 23.000000 4.302889
1.960000 24.000000 4.299607
1.960000 25.000000 4.287641
1.960000 26.000000 4.267326
1.960000 27.000000 4.238970
1.960000 28.000000 4.202860
1.960000 29.000000 4.159264
1.960000 30.000000 4.108431
1.960000 31.000000 4.050594
1.960000 32.000000 3.985973
1.960000 33.000000 3.914772
1.960000 34.000000 3.837186
1.960000 35.000000 3.753396
1.960000 36.000000 3.663575
1.960000 37.000000 3.567886
1.960000 38.000000 3.466484
1.960000 39.000000 3.359514
1.960000 40.000000 3.247116
1.960000 41.000000 3.129422
1.960000 42.000000 3.006558
1.960000 43.000000 2.878645
1.960000 44.000000 2.745798
1.960000 45.000000 2.608125
1.960000 46.000000 2.465732
1.960000 47.000000 2.318719
1.960000 48.000000 2.167183
1.960000 49.000000 2.011215
1.960000 50.000000 1.850905

1.980000 0.000000 0.000000
1.980000 1.000000 0.597695
1.980000 2.000000 1.090480
1.980000 3.000000 1.512084
1.980000 4.000000 1.879931
1.980000 5.000000 2.204624
1.980000 6.000000 2.493290
1.980000 7.000000 2.751037
1.980000 8.000000 2.981710
1.980000 9.000000 3.188304
1.980000 10.000000 3.373220
1.980000 11.000000 3.538422
1.980000 12.000000 3.685549
1.980000 13.000000 3.815989
1.980000 14.000000 3.930931
1.980000 15.000000 4.031408
1.980000 16.000000 4.118322
1.980000 17.000000 4.192469
1.980000 18.000000 4.254559
1.980000 19.000000 4.305226
1.980000 20.000000 4.345039
1.980000 21.000000 4.374517
1.980000 22.000000 4.394127
1.980000 23.000000 4.404299
1.980000 24.000000 4.405426
1.980000 25.000000 4.397869
1.980000 26.000000 4.381963
1.980000 27.000000 4.358016
1.980000 28.000000 4.326315
1.980000 29.000000 4.287128
1.980000 30.000000 4.240704
1.980000 31.000000 4.187277
1.980000 32.000000 4.127064
1.980000 33.000000 4.060273
1.980000 34.000000 3.987096
1.980000 35.000000 3.907715
1.980000 36.000000 3.822304
1.980000 37.000000 3.731024
1.980000 38.000000 3.634030
1.980000 39.000000 3.531469
1.980000 40.000000 3.423480
1.980000 41.000000 3.310196
1.980000 42.000000 3.191741
1.980000 43.000000 3.068238
1.980000 44.000000 2.939799
1.980000 45.000000 2.806535
1.980000 46.000000 2.668551
1.980000 47.000000 2.525948
1.980000 48.000000 2.378820
1.980000 49.000000 2.227262
1.980000 50.000000 2.071361

2.000000 0.000000 0.000000
2.000000 1.000000 0.602060
2.000000 2.000000 1.099210
2.000000 3.000000 1.525179
2.000000 4.000000 1.897390
2.000000 5.000000 2.226448
2.000000 6.000000 2.519478
2.000000 7.000000 2.781590
2.000000 8.000000 3.016628
2.000000 9.000000 3.227588
2.000000 10.000000 3.416868
2.000000 11.000000 3.586435
2.000000 12.000000 3.737927
2.000000 13.000000 3.872731
2.000000 14.000000 3.992039
2.000000 15.000000 4.096880
2.000000 16.000000 4.188158
2.000000 17.000000 4.266671
2.000000 18.000000 4.333126
2.000000 19.000000 4.388157
2.000000 20.000000 4.432336
2.000000 21.000000 4.466178
2.000000 22.000000 4.490153
2.000000 23.000000 4.504690
2.000000 24.000000 4.510181
2.000000 25.000000 4.506990
2.000000 26.000000 4.495448
2.000000 27.000000 4.475866
2.000000 28.000000 4.448530
2.000000 29.000000 4.413707
2.000000 30.000000 4.371648
2.000000 31.000000 4.322586
2.000000 32.000000 4.266738
2.000000 33.000000 4.204312
2.000000 34.000000 4.135499
2.000000 35.000000 4.060483
2.000000 36.000000 3.979437
2.000000 37.000000 3.892522
2.000000 38.000000 3.799893
2.000000 39.000000 3.701697
2.000000 40.000000 3.598073
2.000000 41.000000 3.489153
2.000000 42.000000 3.375063
2.000000 43.000000 3.255924
2.000000 44.000000 3.131850
2.000000 45.000000 3.002952
2.000000 46.000000 2.869332
2.000000 47.000000 2.731094
2.000000 48.000000 2.588331
2.000000 49.000000 2.441137
2.000000 50.000000 2.289601

